[30, 84, 31, 13, 47, 18, 64, 76, 73, 84]
[13, 18, 30, 31, 47, 64, 73, 76, 84, 84]
size: 10
time: 0
end
size: 100
time: 0
end
size: 1000
time: 30
end
[37, 75, 98, 59, 83, 85, 62, 91, 52, 69]
[37, 52, 59, 62, 69, 75, 83, 85, 91, 98]
size: 10
time: 0
end
[38, 20, 17, 16, 82, 40, 93, 99, 69, 90, 18, 70, 32, 82, 55, 36, 37, 72, 99, 97]
[16, 17, 18, 20, 32, 36, 37, 38, 40, 55, 69, 70, 72, 82, 82, 90, 93, 97, 99, 99]
size: 20
time: 0
end
size: 1000
time: 29
end
size: 10000
time: 2900
end
size: 100000
time: 405244
end
