[55, 47, 80, 45, 32, 21, 83, 43, 40, 21]
[21, 21, 32, 40, 43, 45, 47, 55, 80, 83]
[49, 63, 47, 29, 41, 47, 75, 87, 42, 58]
[29, 41, 42, 47, 47, 49, 58, 63, 75, 87]
[94, 29, 84, 89, 35, 50, 34, 94, 84, 61]
[29, 34, 35, 50, 61, 84, 84, 89, 94, 94]
[37, 91, 72, 20, 43, 20, 30, 95, 97, 80]
[20, 20, 30, 37, 43, 72, 80, 91, 95, 97]
[69, 23, 87, 42, 31, 58, 55, 46, 19, 94]
[19, 23, 31, 42, 46, 55, 58, 69, 87, 94]
[10, 46, 17, 47, 26, 86, 63, 38, 83, 32]
[10, 17, 26, 32, 38, 46, 47, 63, 83, 86]
[33, 78, 27, 28, 83, 95, 35, 65, 36, 85]
[27, 28, 33, 35, 36, 65, 78, 83, 85, 95]
[68, 48, 56, 79, 29, 45, 53, 82, 89, 13]
[13, 29, 45, 48, 53, 56, 68, 79, 82, 89]
[44, 47, 59, 93, 12, 45, 90, 47, 50, 14]
[12, 14, 44, 45, 47, 47, 50, 59, 90, 93]
[16, 63, 68, 26, 61, 77, 96, 26, 75, 41]
[16, 26, 26, 41, 61, 63, 68, 75, 77, 96]
[66, 59, 45, 43, 61, 81, 70, 71, 98, 84]
[43, 45, 59, 61, 66, 70, 71, 81, 84, 98]
[76, 63, 99, 15, 15, 93, 31, 92, 23, 21]
[15, 15, 21, 23, 31, 63, 76, 92, 93, 99]
[41, 73, 38, 66, 19, 93, 89, 87, 72, 31]
[19, 31, 38, 41, 66, 72, 73, 87, 89, 93]
[11, 13, 59, 84, 68, 38, 97, 95, 83, 57]
[11, 13, 38, 57, 59, 68, 83, 84, 95, 97]
[18, 40, 76, 43, 59, 94, 19, 11, 49, 59]
[11, 18, 19, 40, 43, 49, 59, 59, 76, 94]
[89, 12, 34, 38, 77, 28, 29, 79, 28, 30]
[12, 28, 28, 29, 30, 34, 38, 77, 79, 89]
[47, 68, 13, 14, 55, 34, 71, 10, 86, 52]
[10, 13, 14, 34, 47, 52, 55, 68, 71, 86]
[93, 97, 11, 85, 39, 73, 75, 50, 36, 68]
[11, 36, 39, 50, 68, 73, 75, 85, 93, 97]
[39, 76, 40, 14, 36, 76, 38, 93, 27, 66]
[14, 27, 36, 38, 39, 40, 66, 76, 76, 93]
[22, 39, 47, 44, 15, 38, 89, 55, 96, 83]
[15, 22, 38, 39, 44, 47, 55, 83, 89, 96]
end
[97, 81, 67, 96, 65, 52, 96, 90, 58, 20]
[20, 52, 58, 65, 67, 81, 90, 96, 96, 97]
[67, 27, 60, 88, 38, 19, 55, 10, 92, 60]
[10, 19, 27, 38, 55, 60, 60, 67, 88, 92]
[23, 27, 34, 47, 57, 65, 73, 86, 12, 62]
[12, 23, 27, 34, 47, 57, 62, 65, 73, 86]
[74, 32, 43, 85, 66, 36, 35, 34, 92, 91]
[32, 34, 35, 36, 43, 66, 74, 85, 91, 92]
[19, 97, 94, 82, 69, 29, 82, 87, 91, 52]
[19, 29, 52, 69, 82, 82, 87, 91, 94, 97]
[53, 10, 53, 86, 50, 34, 17, 55, 90, 72]
[10, 17, 34, 50, 53, 53, 55, 72, 86, 90]
[31, 66, 20, 88, 46, 82, 33, 37, 79, 94]
[20, 31, 33, 37, 46, 66, 79, 82, 88, 94]
[59, 32, 77, 56, 89, 96, 78, 49, 91, 89]
[32, 49, 56, 59, 77, 78, 89, 89, 91, 96]
[37, 92, 32, 56, 66, 76, 55, 23, 10, 87]
[10, 23, 32, 37, 55, 56, 66, 76, 87, 92]
[42, 27, 31, 34, 85, 57, 56, 47, 38, 39]
[27, 31, 34, 38, 39, 42, 47, 56, 57, 85]
Size: 10
Iterations: 10
MergeSortAL time: 0
MergeSortLL: 0
end
[78, 46, 86, 84, 22, 91, 60, 53, 21, 53]
[21, 22, 46, 53, 53, 60, 78, 84, 86, 91]
[34, 56, 83, 84, 77, 25, 15, 57, 70, 68]
[15, 25, 34, 56, 57, 68, 70, 77, 83, 84]
[95, 42, 81, 76, 41, 63, 94, 13, 45, 15]
[13, 15, 41, 42, 45, 63, 76, 81, 94, 95]
[39, 74, 71, 10, 73, 92, 42, 71, 97, 45]
[10, 39, 42, 45, 71, 71, 73, 74, 92, 97]
[96, 59, 92, 23, 33, 62, 41, 26, 83, 15]
[15, 23, 26, 33, 41, 59, 62, 83, 92, 96]
[74, 75, 10, 35, 42, 84, 44, 26, 58, 88]
[10, 26, 35, 42, 44, 58, 74, 75, 84, 88]
[53, 53, 89, 45, 38, 92, 82, 68, 10, 15]
[10, 15, 38, 45, 53, 53, 68, 82, 89, 92]
[40, 45, 86, 28, 71, 32, 41, 19, 86, 42]
[19, 28, 32, 40, 41, 42, 45, 71, 86, 86]
[16, 79, 62, 14, 56, 54, 71, 11, 54, 71]
[11, 14, 16, 54, 54, 56, 62, 71, 71, 79]
[99, 93, 26, 67, 14, 81, 13, 26, 21, 38]
[13, 14, 21, 26, 26, 38, 67, 81, 93, 99]
Size: 10
Iterations: 10
MergeSortAL time: 0
MergeSortLL: 0
end
Size: 100
Iterations: 10
MergeSortAL time: 1
MergeSortLL: 0
end
Size: 100
Iterations: 10
MergeSortAL time: 0
MergeSortLL: 1
end
[50]
[50]
size: 1
time: 0
end
